0 0.23109374999999996 0.604462962962963 0.03397916666666667 0.055722222222222284
0 0.32545833333333335 0.61 0.030458333333333344 0.0667962962962964
0 0.5131041666666667 0.43333333333333335 0.03766666666666675 0.07335185185185188
0 0.40913541666666664 0.40479629629629627 0.04096875000000004 0.06285185185185174
0 0.4233958333333333 0.5842777777777778 0.027864583333333335 0.08192592592592594
0 0.38728125 0.6368148148148148 0.03736458333333334 0.08281481481481487
0 0.7906458333333333 0.6390925925925927 0.02993750000000001 0.065462962962963
0 0.6648229166666667 0.5806296296296297 0.03888541666666659 0.06914814814814821
0 0.6982291666666666 0.5847407407407407 0.029989583333333295 0.055444444444444546
0 0.6143125 0.5925 0.03809374999999993 0.07096296296296306
0 0.6281874999999999 0.4513888888888889 0.020500000000000067 0.05225925925925931