0 0.27258333333333334 0.5895370370370371 0.024260416666666628 0.08022222222222232
0 0.30847916666666664 0.5468148148148148 0.029177083333333322 0.06901851851851848
0 0.3906354166666667 0.5065 0.02414583333333328 0.047388888888888946
0 0.3638333333333333 0.5653703703703704 0.02461458333333333 0.048759259259259335
0 0.36154166666666665 0.49822222222222223 0.01907291666666661 0.03831481481481491
0 0.4155520833333333 0.4994814814814815 0.01609375000000005 0.02998148148148158
0 0.592625 0.48585185185185187 0.007833333333333314 0.024648148148148048
0 0.6015520833333333 0.4957037037037037 0.009395833333333315 0.03324074074074083
0 0.6132604166666666 0.4927407407407407 0.014458333333333446 0.033351851851851834
0 0.6367395833333334 0.5169074074074074 0.021562500000000047 0.03783333333333324
0 0.6666354166666667 0.5278518518518519 0.022499999999999905 0.03951851851851858
0 0.6883854166666666 0.5452777777777778 0.02573958333333337 0.0507407407407407
0 0.72815625 0.5392407407407407 0.03603124999999992 0.050462962962962966
0 0.7687708333333333 0.49583333333333335 0.014802083333333372 0.0294259259259259
0 0.7463958333333333 0.4751666666666666 0.012739583333333353 0.020166666666666642
0 0.8056979166666667 0.493574074074074 0.017510416666666608 0.04177777777777768
0 0.8238854166666666 0.5133888888888889 0.023520833333333258 0.0257592592592592
0 0.8698333333333333 0.5025740740740741 0.019583333333333286 0.03616666666666662
0 0.7821354166666666 0.5874259259259259 0.027302083333333373 0.07770370370370377
0 0.8879166666666667 0.6609074074074074 0.034885416666666676 0.09479629629629639
0 0.9128958333333334 0.5187222222222222 0.027937499999999935 0.039796296296296316
0 0.9916666666666667 0.5435185185185185 0.016666666666666666 0.03518518518518519