0 0.3156041666666667 0.6889444444444444 0.048416666666666684 0.1596481481481482
0 0.033854166666666664 0.5064814814814815 0.06770833333333333 0.19814814814814816
0 0.30182291666666666 0.5167037037037037 0.036354166666666646 0.12740740740740733
0 0.22127083333333333 0.4336666666666667 0.05096875000000001 0.11433333333333336
0 0.43995833333333334 0.5840555555555556 0.03653125000000005 0.090425925925926
0 0.4072604166666667 0.6123518518518519 0.030312500000000023 0.0874814814814815
0 0.5199583333333333 0.5840555555555556 0.03272916666666674 0.0955370370370371
0 0.5521770833333334 0.5065925925925926 0.04797916666666661 0.08698148148148153
0 0.5944479166666666 0.49509259259259264 0.033833333333333354 0.0742037037037038
0 0.7253229166666666 0.5800185185185185 0.03248958333333339 0.09085185185185196
0 0.6943020833333333 0.5465925925925926 0.01662500000000004 0.07849999999999997
0 0.4591145833333333 0.4925370370370371 0.027177083333333366 0.0742037037037038
0 0.9880208333333333 0.48703703703703705 0.023958333333333335 0.1
0 0.9654062499999999 0.49507407407407406 0.0413333333333334 0.1301296296296296
0 0.8856354166666667 0.48638888888888887 0.037739583333333354 0.0941666666666667