0 0.01732291666666667 0.5919814814814816 0.026843749999999996 0.04222222222222214
0 0.11618749999999999 0.7479074074074075 0.03169791666666667 0.04259259259259259
0 0.175 0.7583703703703704 0.02877083333333334 0.04640740740740731
0 0.23890625000000001 0.758611111111111 0.029604166666666622 0.044018518518518485
0 0.3312083333333333 0.7229074074074074 0.026156250000000013 0.05261111111111126
0 0.42003125 0.7290925925925925 0.02538541666666667 0.04785185185185191
0 0.5202500000000001 0.722037037037037 0.02517708333333341 0.049074074074074076
0 0.5954479166666666 0.7192592592592593 0.02476041666666665 0.04192592592592611
0 0.6713229166666667 0.7434444444444445 0.026572916666666658 0.04429629629629643
0 0.7439270833333332 0.7273148148148149 0.0289791666666666 0.05012962962962951
0 0.9880208333333333 0.7083333333333334 0.023958333333333335 0.046296296296296294
0 0.9125833333333334 0.7352592592592593 0.02536458333333324 0.04061111111111102
0 0.8303125 0.7408148148148147 0.030312499999999905 0.043462962962963016
0 0.9302916666666667 0.5636481481481481 0.028645833333333332 0.04009259259259255
0 0.9676354166666666 0.5442222222222222 0.024791666666666618 0.03772222222222223
0 0.9014270833333333 0.5537407407407408 0.022677083333333313 0.04088888888888897
0 0.8422395833333333 0.5813518518518519 0.02390625000000005 0.037444444444444495
0 0.7924791666666666 0.5660185185185185 0.027010416666666735 0.03849999999999993
0 0.8193229166666666 0.5692037037037038 0.016572916666666753 0.03762962962962972
0 0.7566979166666666 0.5571666666666667 0.024166666666666715 0.04459259259259267
0 0.7134895833333333 0.5572962962962963 0.022552083333333427 0.04327777777777778
0 0.72978125 0.5596851851851852 0.015385416666666648 0.03127777777777775
0 0.6957187499999999 0.5612592592592592 0.0218020833333334 0.041685185185185165
0 0.6417083333333333 0.5599444444444445 0.019104166666666582 0.04220370370370364
0 0.6574791666666666 0.5670925925925926 0.018979166666666696 0.03868518518518516
0 0.6741354166666667 0.5554444444444444 0.015999999999999896 0.03957407407407408
0 0.6129166666666667 0.5756851851851852 0.01973958333333338 0.035777777777777874
0 0.58728125 0.5685185185185185 0.020906249999999935 0.040333333333333284
0 0.5616875 0.5712962962962963 0.017916666666666713 0.03794444444444446
0 0.5353541666666667 0.5666666666666667 0.024156250000000056 0.03662962962962958
0 0.5097604166666667 0.5779259259259258 0.01810416666666678 0.04083333333333325
0 0.51846875 0.5566296296296296 0.018052083333333257 0.045092592592592635
0 0.4781666666666667 0.5609814814814815 0.019552083333333314 0.04588888888888884
0 0.43144791666666665 0.577388888888889 0.010020833333333338 0.03553703703703714
0 0.44595833333333335 0.5861111111111111 0.01898958333333335 0.04031481481481478
0 0.4181354166666667 0.5639074074074074 0.018197916666666696 0.043462962962963016
0 0.3936145833333333 0.5812222222222222 0.018239583333333323 0.04214814814814813
0 0.37933333333333336 0.5553148148148148 0.018229166666666668 0.040018518518518544
0 0.34161458333333333 0.5805555555555556 0.020447916666666663 0.03555555555555564
0 0.3593958333333333 0.5791111111111111 0.016291666666666652 0.030518518518518552
0 0.31684375000000004 0.5709074074074074 0.017499999999999953 0.03105555555555552
0 0.2720208333333333 0.5821481481481482 0.015229166666666672 0.0418888888888889
0 0.28835416666666663 0.5767222222222222 0.020041666666666676 0.03844444444444443
0 0.2351979166666667 0.5885 0.020906250000000053 0.0418888888888889
0 0.26048958333333333 0.5830740740740741 0.010802083333333339 0.03846296296296293
0 0.21317708333333335 0.5843888888888888 0.021499999999999984 0.035814814814814876
0 0.16965625 0.5604629629629629 0.020031250000000018 0.03764814814814822
0 0.18580208333333334 0.5628518518518518 0.01540625000000002 0.042407407407407366
0 0.13060416666666666 0.5623148148148148 0.02048958333333335 0.04029629629629628
0 0.10400000000000001 0.5711851851851851 0.021937500000000002 0.046388888888888806
0 0.07811458333333333 0.5850555555555556 0.022687500000000003 0.03925925925925934
0 0.058854166666666666 0.5765925925925927 0.01895833333333332 0.04029629629629628