0 0.23945833333333333 0.6442222222222223 0.050729166666666714 0.06657407407407416
0 0.17758333333333332 0.3766481481481481 0.04361458333333334 0.08427777777777776
0 0.11865624999999999 0.28235185185185185 0.04420833333333333 0.07337037037037038
0 0.1675625 0.21764814814814815 0.04391666666666663 0.07561111111111109
0 0.21507291666666667 0.27740740740740744 0.039 0.08324074074074073
0 0.28862499999999996 0.2554814814814815 0.04171874999999995 0.07229629629629633
0 0.32581249999999995 0.29605555555555557 0.036489583333333304 0.08103703703703702
0 0.3889166666666667 0.26205555555555554 0.03127083333333332 0.07229629629629633
0 0.42532291666666666 0.2977037037037037 0.03745833333333337 0.07116666666666668
0 0.46960416666666666 0.252462962962963 0.035312499999999976 0.07612962962962966
0 0.51403125 0.30237037037037034 0.031624999999999896 0.0772037037037037
0 0.5811458333333334 0.20887037037037035 0.04183333333333342 0.08438888888888887
0 0.6315937500000001 0.2442407407407407 0.044624999999999915 0.07285185185185192
0 0.6865208333333332 0.21820370370370373 0.03970833333333322 0.08327777777777773
0 0.668625 0.6074814814814815 0.04464583333333323 0.0786666666666667
0 0.8021770833333334 0.34705555555555556 0.04519791666666677 0.07772222222222216
0 0.7429375 0.26535185185185184 0.0414791666666666 0.06570370370370374
0 0.7923020833333333 0.21985185185185185 0.043968750000000036 0.07999999999999997
0 0.8438333333333333 0.2647962962962963 0.04336458333333345 0.07777777777777778
0 0.9009166666666667 0.22561111111111112 0.03907291666666666 0.06188888888888892