0 0.10189583333333332 0.3744814814814815 0.04359375000000002 0.07120370370370378
0 0.18285416666666665 0.3830555555555556 0.040322916666666646 0.04966666666666676
0 0.29754166666666665 0.43857407407407406 0.02687499999999995 0.04083333333333325
0 0.3988125 0.3877037037037037 0.044406249999999994 0.06092592592592588
0 0.45953125 0.3972592592592592 0.03864583333333336 0.06238888888888899
0 0.50096875 0.43468518518518523 0.027364583333333314 0.04333333333333329
0 0.5812395833333334 0.4258703703703704 0.024364583333333436 0.04333333333333329
0 0.63190625 0.4302777777777778 0.029895833333333382 0.04625925925925929
0 0.7310416666666666 0.36594444444444446 0.04645833333333324 0.07803703703703702
0 0.80009375 0.35564814814814816 0.047458333333333276 0.05409259259259266
0 0.8694166666666666 0.4141666666666666 0.021604166666666678 0.04872222222222212
0 0.9440937500000001 0.4677592592592592 0.02376041666666661 0.040685185185185234
0 0.9242604166666666 0.4615370370370371 0.020083333333333304 0.03181481481481472