0 0.011458333333333333 0.5888888888888889 0.022916666666666665 0.05925925925925926
0 0.05628125 0.6114074074074074 0.018312499999999985 0.0492407407407408
0 0.09807291666666668 0.6083518518518518 0.0313125 0.05392592592592593
0 0.14778125 0.5868888888888889 0.02606249999999998 0.05212962962962959
0 0.20630208333333336 0.5751851851851852 0.027499999999999976 0.05681481481481472
0 0.27538541666666666 0.5978888888888889 0.028135416666666656 0.058981481481481524
0 0.3303645833333333 0.6263703703703704 0.028562499999999956 0.055351851851851826
0 0.40291666666666665 0.5888703703703704 0.03127083333333332 0.062574074074074
0 0.47148958333333335 0.5705 0.03211458333333326 0.06042592592592592
0 0.53315625 0.5670740740740742 0.03376041666666675 0.06440740740740736
0 0.6191770833333333 0.5960925925925926 0.032979166666666754 0.05970370370370372
0 0.6846041666666667 0.6005925925925926 0.01900000000000001 0.05788888888888887
0 0.7588020833333334 0.5769814814814814 0.033531250000000054 0.06042592592592592
0 0.8444166666666667 0.6108703703703704 0.034375 0.0676111111111111
0 0.9375312499999999 0.582388888888889 0.03562499999999981 0.053944444444444434