0 0.12128125000000001 0.4640925925925926 0.023177083333333334 0.05194444444444436
0 0.18773958333333332 0.46809259259259256 0.02432291666666669 0.04792592592592592
0 0.24842708333333335 0.4918703703703704 0.02237500000000002 0.044407407407407444
0 0.31572916666666667 0.4801111111111111 0.025218750000000036 0.04792592592592592
0 0.3878125 0.4735925925925926 0.024124999999999966 0.04092592592592597
0 0.4589166666666667 0.48285185185185187 0.026114583333333385 0.044425925925925945
0 0.5388125 0.4560925925925926 0.020343749999999973 0.04794444444444442
0 0.6061145833333333 0.4603333333333333 0.02318749999999999 0.04742592592592595
0 0.6835520833333334 0.45483333333333337 0.02265625 0.04844444444444439
0 0.7528229166666667 0.48511111111111105 0.022677083333333313 0.03990740740740732
0 0.8174479166666667 0.45783333333333337 0.025239583333333353 0.0544444444444444
0 0.8830625 0.47485185185185186 0.028072916666666715 0.06444444444444436