0 0.1555729166666667 0.4464444444444444 0.029874999999999947 0.05740740740740741
0 0.07428125000000001 0.44529629629629625 0.03184374999999999 0.05049999999999997
0 0.2391458333333333 0.44722222222222224 0.02858333333333339 0.04051851851851851
0 0.3061041666666667 0.45181481481481484 0.025156249999999977 0.04051851851851851
0 0.3866770833333334 0.4153703703703704 0.02820833333333326 0.04590740740740734
0 0.46470833333333333 0.4322407407407408 0.030093750000000103 0.04283333333333333
0 0.5377083333333333 0.4368518518518518 0.028385416666666666 0.056648148148148204
0 0.6178125 0.4111481481481481 0.02791666666666662 0.042074074074074125
0 0.6909270833333333 0.42975925925925923 0.030322916666666564 0.049351851851851807
0 0.7820729166666667 0.4305185185185186 0.03639583333333339 0.041685185185185165
0 0.8609166666666667 0.42764814814814817 0.033406249999999936 0.06125925925925933
0 0.9464479166666666 0.4316666666666667 0.033437499999999905 0.062407407407407495