0 0.5878020833333333 0.5975925925925926 0.08457291666666672 0.17540740740740746
0 0.3001979166666667 0.6656111111111112 0.06746874999999998 0.1669629629629629
0 0.30855208333333334 0.46662962962962967 0.057072916666666626 0.10831481481481484
0 0.13489583333333333 0.26064814814814813 0.0990208333333333 0.14650000000000002
0 0.022395833333333334 0.24722222222222223 0.04479166666666667 0.10925925925925926
0 0.19369791666666666 0.28351851851851856 0.03418750000000005 0.07096296296296306
0 0.2525729166666667 0.28194444444444444 0.053812499999999965 0.09755555555555549
0 0.41821875000000003 0.3934259259259259 0.027864583333333335 0.059648148148148214
0 0.5907187500000001 0.40046296296296297 0.03079166666666661 0.054944444444444365
0 0.5204895833333333 0.4530925925925926 0.03295833333333344 0.040425925925926004
0 0.5373333333333333 0.5330925925925926 0.033624999999999974 0.07598148148148143
0 0.8301145833333333 0.4507407407407407 0.02880208333333343 0.06861111111111103
0 0.7946666666666666 0.3713148148148148 0.0318749999999999 0.05064814814814819
0 0.33268749999999997 0.27235185185185184 0.03114583333333331 0.04524074074074065
0 0.37815624999999997 0.29346296296296304 0.025656249999999995 0.04522222222222215
0 0.5625104166666667 0.388537037037037 0.02322916666666662 0.04751851851851846
0 0.9447291666666667 0.448037037037037 0.026645833333333258 0.08174074074074071