0 0.9692708333333333 0.7222222222222222 0.06145833333333333 0.08518518518518518
0 0.9283645833333334 0.825425925925926 0.061343750000000107 0.11737037037037057
0 0.77746875 0.8005185185185185 0.049249999999999974 0.08746296296296299
0 0.8707916666666667 0.700462962962963 0.04632291666666669 0.07114814814814807
0 0.9645833333333333 0.6147407407407407 0.039124999999999945 0.061666666666666585
0 0.6894479166666667 0.6348888888888888 0.01854166666666662 0.06953703703703695
0 0.6019687499999999 0.6844814814814815 0.021552083333333392 0.061611111111111075
0 0.4595 0.7579444444444445 0.02109375 0.06405555555555562
0 0.40016666666666667 0.7152037037037037 0.028541666666666642 0.0632592592592592
0 0.35111458333333334 0.7033703703703703 0.02852083333333333 0.062018518518518535
0 0.31328125 0.6865555555555556 0.02573958333333337 0.05579629629629629
0 0.2738333333333333 0.6684074074074075 0.021614583333333333 0.04388888888888897
0 0.20359375 0.6725 0.02212500000000001 0.03885185185185189
0 0.18892708333333333 0.6691111111111111 0.01292708333333336 0.040592592592592514
0 0.16676041666666666 0.6505185185185185 0.019479166666666655 0.0382407407407407
0 0.13398958333333333 0.6431296296296297 0.017520833333333326 0.036685185185185085
0 0.11712499999999999 0.6327777777777778 0.01771874999999999 0.040444444444444505
0 0.09883333333333333 0.6315185185185185 0.017177083333333343 0.0322962962962964
0 0.08554166666666667 0.6389074074074074 0.011260416666666669 0.0338518518518518
0 0.074625 0.6360740740740741 0.011166666666666665 0.02444444444444453
0 0.04459375 0.6192777777777778 0.014708333333333339 0.02853703703703698
0 0.031520833333333324 0.6133148148148148 0.011875000000000002 0.026018518518518434
0 0.019947916666666666 0.6138703703703704 0.01204166666666667 0.02240740740740745
0 0.06063541666666666 0.5868703703703704 0.0070208333333333425 0.017407407407407365
0 0.07361458333333333 0.5991851851851852 0.006500000000000009 0.022259259259259225
0 0.08161458333333332 0.5890740740740741 0.008781250000000008 0.025296296296296237
0 0.09314583333333333 0.5918148148148148 0.010635416666666675 0.024518518518518537
0 0.10895833333333332 0.5908703703703704 0.012520833333333314 0.02446296296296303
0 0.16359375 0.6147222222222222 0.01313541666666668 0.021314814814814797
0 0.18222916666666666 0.6148888888888889 0.015437499999999993 0.025388888888888957
0 0.20298958333333333 0.6089074074074075 0.015625 0.02853703703703698
0 0.22135416666666666 0.6217037037037038 0.014708333333333339 0.03244444444444441
0 0.23955208333333336 0.6208518518518519 0.016125000000000018 0.03166666666666671
0 0.3559791666666667 0.6449444444444444 0.013656250000000014 0.026166666666666658
0 0.3194895833333333 0.6423518518518518 0.01593749999999995 0.02003703703703713
0 0.3833645833333333 0.6458148148148148 0.016489583333333377 0.04577777777777783
0 0.4359166666666667 0.6371666666666667 0.020895833333333277 0.0492407407407408
0 0.47558333333333336 0.6473703703703704 0.017552083333333357 0.047037037037036995
0 0.5354687499999999 0.6239074074074075 0.02603125000000001 0.04625925925925929
0 0.5811770833333333 0.6177037037037038 0.023104166666666735 0.04235185185185186
0 0.6379374999999999 0.6340370370370371 0.02162499999999999 0.05614814814814824
0 0.7696145833333333 0.5532222222222223 0.028614583333333363 0.05348148148148147
0 0.8336875 0.5308518518518519 0.024947916666666715 0.048074074074074144
0 0.8870208333333333 0.5164629629629629 0.024812499999999935 0.04494444444444441
0 0.9369791666666667 0.4698518518518519 0.021781250000000085 0.038981481481481395
0 0.9649583333333334 0.4712222222222222 0.018447916666666706 0.03362962962962957
0 0.9942708333333333 0.44814814814814813 0.011458333333333333 0.025925925925925925
0 0.96796875 0.4328888888888889 0.009812500000000076 0.022981481481481422
0 0.9085833333333333 0.46798148148148144 0.012604166666666573 0.030129629629629597
0 0.8652083333333334 0.4752222222222222 0.01702083333333325 0.04161111111111116
0 0.8170520833333333 0.5113888888888889 0.014114583333333286 0.03392592592592602
0 0.8115208333333332 0.4862222222222222 0.014302083333333352 0.02561111111111119
0 0.76678125 0.5028148148148148 0.012052083333333267 0.029759259259259353
0 0.7506458333333333 0.542 0.01410416666666663 0.039092592592592616
0 0.7025416666666667 0.5535740740740741 0.0264895833333334 0.0492592592592593
0 0.7253333333333334 0.5115740740740741 0.021437499999999925 0.029277777777777677
0 0.72153125 0.5599074074074074 0.017125000000000057 0.03725925925925927
0 0.6571041666666667 0.572 0.023958333333333335 0.039074074074074115
0 0.621875 0.5578333333333334 0.019354166666666592 0.030759259259259285
0 0.6003020833333333 0.58 0.021218749999999887 0.03707407407407404
0 0.5513020833333333 0.5742407407407407 0.017197916666666656 0.030574074074074056
0 0.5784166666666667 0.5522407407407407 0.014020833333333371 0.028592592592592694
0 0.5955312500000001 0.5394074074074073 0.008583333333333342 0.024925925925925994
0 0.6519999999999999 0.4913148148148148 0.016583333333333408 0.033796296296296297
0 0.6915729166666666 0.5162407407407407 0.01526041666666676 0.028611111111111195
0 0.67159375 0.4899074074074074 0.011312499999999896 0.029962962962962872
0 0.6926979166666667 0.48624074074074075 0.016385416666666687 0.02662962962962962
0 0.6206666666666667 0.5030740740740741 0.010187499999999971 0.024296296296296305
0 0.5868125000000001 0.5095 0.015614583333333343 0.022111111111111213
0 0.566875 0.5287407407407407 0.012322916666666591 0.029611111111111126
0 0.5344374999999999 0.5375 0.021156249999999942 0.042092592592592626
0 0.5203125 0.5718333333333334 0.017125000000000057 0.030740740740740784
0 0.5153958333333333 0.619574074074074 0.015708333333333258 0.04322222222222228
0 0.47960416666666666 0.5827407407407408 0.01672916666666661 0.03757407407407401
0 0.45165625 0.5769074074074073 0.019343750000000052 0.03190740740740744
0 0.41662499999999997 0.5712407407407408 0.016822916666666642 0.03257407407407413
0 0.40072916666666664 0.6045 0.017104166666666625 0.032055555555555455
0 0.3460520833333333 0.6084999999999999 0.01804166666666672 0.036055555555555605
0 0.37456249999999996 0.6072407407407407 0.016552083333333318 0.02855555555555548
0 0.3872291666666667 0.5704074074074074 0.01373958333333339 0.03292592592592587
0 0.3633125 0.5716666666666667 0.014291666666666696 0.03040740740740733
0 0.34267708333333335 0.5686666666666667 0.014656250000000053 0.034425925925925985
0 0.31790625 0.5609074074074074 0.014656250000000053 0.03192592592592594
0 0.31364583333333335 0.5971666666666667 0.015687499999999945 0.031407407407407474
0 0.2677395833333333 0.5916666666666667 0.011104166666666634 0.034407407407407484
0 0.2948541666666667 0.5939074074074073 0.012427083333333281 0.03190740740740744
0 0.29813541666666665 0.563574074074074 0.015614583333333343 0.03325925925925933
0 0.28359375 0.5442407407407407 0.00905208333333339 0.02459259259259254
0 0.27351041666666664 0.5666666666666667 0.015333333333333362 0.020425925925925875
0 0.25325000000000003 0.5907407407407408 0.014197916666666663 0.02357407407407411
0 0.23687499999999997 0.5893333333333334 0.01353125000000001 0.017740740740740817
0 0.2532916666666667 0.5488333333333334 0.011479166666666648 0.02275925925925919
0 0.388125 0.5309074074074074 0.008218749999999986 0.025944444444444426
0 0.48472916666666666 0.5156666666666666 0.012354166666666682 0.02444444444444453
0 0.5090729166666667 0.5266666666666666 0.016583333333333408 0.034444444444444486