0 0.38564583333333335 0.6226666666666667 0.06831250000000004 0.1845185185185185
0 0.5079895833333333 0.32190740740740736 0.08972916666666678 0.16148148148148156
0 0.58815625 0.16081481481481483 0.06719791666666666 0.14327777777777778
0 0.7265625 0.08055555555555556 0.08645833333333333 0.16111111111111112
0 0.49452083333333335 0.11366666666666665 0.05330208333333341 0.11657407407407405
0 0.41810416666666667 0.13055555555555556 0.05247916666666666 0.1250185185185185
0 0.33378125000000003 0.25016666666666665 0.09283333333333334 0.13618518518518521
0 0.22014583333333332 0.26985185185185184 0.06983333333333329 0.14181481481481478
0 0.05364583333333333 0.1675925925925926 0.10729166666666666 0.19074074074074074
0 0.11844791666666668 0.17368518518518516 0.04426041666666668 0.12770370370370365
0 0.16392708333333333 0.1705925925925926 0.040281249999999956 0.09587037037037034
0 0.8918645833333334 0.10927777777777777 0.08735416666666657 0.16720370370370374
0 0.9817708333333334 0.6324074074074074 0.036458333333333336 0.14629629629629629
0 0.7851354166666666 0.11357407407407409 0.04267708333333336 0.09020370370370366